0
22.9110736897305
22.8531767447302
22.8337818245296
23.2860442183262
23.7240513719409
24.2351363326397
24.6498950421110
24.5247629324085
24.2727556979784
23.9582344471438
24.1054873297494
24.6260053943250
26.2136361207886
28.3328525115924
29.8463201055113
29.8463201055113
29.5566920529195
24.5625869868828
20.2534021189705
17.6870481555125
16.2743971437972
13.7960363170414
9.84674850194827
8.49134528663734
9.25316254909742
10.0905743252142
10.3461439217773
10.2625305014475
9.89610348352189
10.5605205519213
11.4531975299491
12.5475116853959
14.0635059893446
15.5231618673799
17.6450665874465
18.8771109684537
20.3101073835873
21.7695171342426
22.3264372751289
25.1003494368812
26.5756020750570
27.7120363054960
29.0487389473065
30.8136940923067
32.6028357427283
34.3465929425130
36.6574313877900
38.6820472230274
39.2814117216900
39.9719831547021
43.3713119901508
44.3646562764993
45.1522384461381
45.8518346982538
46.2496245079506
46.5203983422737
46.7572874012034
47.2246045777928
47.4035059322722
47.8882108494666
48.1675667901720
49.6713177363315
49.9425792942794
51.2617646993998
51.9226501305861
52.5513625968701
52.9283624868188
53.3674994057645
53.9132239347180
54.3394178171171
54.9472207410991
55.8032530424343
56.8189097354796
57.8839745563155
58.2660732304935
59.7794911129934
60.0636380459360
59.7333464018100
59.5832575050017
59.4122870551103
59.5918675593001
60.6997984653127
61.8869929191592
61.9395031029999
61.3317158327783
57.4067106778943
42.5756143322910
32.1930651876198
21.2787091821782
13.5445736763257
6.39547476400058
-0.418089802945018
-6.34674072613943
-11.4638634029495
-13.9528644997288
-12.5007052457555
-5.48631855701146
14.0035814175695
21.5054459093879
52.0267421555049
67.9223399911756
77.7854423991380
88.0696770639115
82.2689796997745
74.4277942138423
64.5337622191760
57.9200893566322
52.6079444618933
51.3693718262522
52.3048712576408
54.5212236331918
60.8243714754732
72.3158504460137
89.2267189832179
64.2770428291559
44.5122597199007
34.0633302883980
26.5563150727112
22.8977141799849
22.0360102652037
24.0184206057351
24.4597994107091
25.1925780754994
29.3716225434874
47.0463063792197
53.2376691171230
56.9713534375407
61.7753367068522
67.4494327890697
74.2903513954498
81.5890939983208
85.4971623387941
86.8587194466461
88.3412053394757
88.9129861860241
89.1003235481754
88.8614145025632
88.2726740065662
88.1417744932008
86.0288936344501
82.8886299505331
77.7488715661550
71.3721711933008
55.8063439564110
37.6059170217463
26.6574592043163
23.9876108304577
15.7650454886922
12.9228274635945
12.4605924557644
11.5483332885259
11.3296446027218
12.2747834830792
13.0371808404558
13.5685789114685
13.2436062147249
13.1560997744755
15.7706883014979
16.2481182383123
16.9969509288752
14.4922390272263
12.9563239738063
11.0823639090953
9.27611136345881
8.02498117309147
6.78406445917975
5.24309788209466
5.06190225859537
5.01996154039277
4.77910981959079
4.90281229109213
5.09003135826680
5.94847377840407
5.90183086825240
5.83145627235083
5.57822410321768
5.21394517450458
4.71143109815541
4.17156417858922
3.71572276575665
3.19698558505455
2.69482573712009
2.37006109383589
2.24914052758808
2.30468311898174
2.57702596134767
2.78332134401739
2.62048240310842
2.72808641236860
2.99518061263950
3.54801051112505
3.88842353478185
3.99613515632667
3.87858196911812
3.60819914535580
3.27444211785328
2.87950026295781
2.28129728233726
1.71187058147261
1.10793086627327
0.729022606551629
0.220563878763648
-0.109202142636103
-0.242532786676058
-0.248122613789480
-0.370126757050689
-0.763447615695997
-0.847162368792188
-1.74491682992216
-2.18285143031269
-2.55503539083544
-2.96014371342139
-3.12367510336102
-3.23318374397456
-3.54495681655393
-3.83671897672974
-4.18696499080473
-4.51689422784900
-4.77935002821415
-5.52814880714027
-6.25184784087424
-7.12450651749513
-7.69294686823594
-7.92669268866202
-8.06301198342376
-8.09020742174512
-8.01160041754348
-7.58255460299439
-7.37036707807353
-7.34530973407859